version https://git-lfs.github.com/spec/v1
oid sha256:39ad181016015adad9ad6d85cc8a0333afb7f8e0fa32d9435573f61d343275c1
size 2008750
